# Nodes: 128, Arcs: 2048, Weighted: 1
1	7	0.918498
1	20	0.980656
1	21	0.92183
1	27	0.991146
1	28	0.964929
1	36	0.975607
1	39	0.91352
1	58	0.990859
1	66	0.972423
1	75	0.975456
1	79	0.912989
1	91	0.991944
1	99	1.44065
1	105	0.986998
1	107	0.980513
1	126	0.92264
2	4	1.05794
2	20	1.43833
2	25	1.05203
2	30	1.05269
2	43	1.04405
2	44	1.04721
2	51	1.04215
2	56	1.06551
2	61	0.976522
2	78	1.06557
2	92	0.976822
2	100	0.991371
2	109	1.05443
2	113	0.982041
2	115	0.991679
2	122	0.234068
3	10	0.917088
3	16	0.984168
3	40	0.986485
3	73	0.978983
3	74	0.98404
3	77	0.98106
3	84	1.4979
3	94	0.985383
3	95	0.986814
3	101	0.917023
3	103	0.97744
3	111	0.981141
3	118	0.915951
3	121	0.979987
3	125	0.908449
3	128	0.915988
4	2	1.05794
4	12	0.4
4	17	0.99249
4	18	0.991365
4	23	1.05841
4	26	0.982113
4	43	1.04648
4	51	1.04458
4	56	1.06794
4	57	1.05697
4	60	0.4
4	61	0.978952
4	70	0.995095
4	82	1.07357
4	114	1.06001
4	115	0.994109
5	6	0.97029
5	7	0.9071
5	14	0.975733
5	22	0.96837
5	31	0.970336
5	45	0.901331
5	50	1.41089
5	53	0.975215
5	62	0.97371
5	81	0.968975
5	91	0.980546
5	96	0.984066
5	104	0.973675
5	105	0.9756
5	107	0.969115
5	120	0.905942
6	5	0.97029
6	14	1.05402
6	20	1.04755
6	22	1.04666
6	27	1.05804
6	39	0.980412
6	45	0.979621
6	62	1.052
6	65	0.77797
6	66	1.03931
6	73	0.703463
6	75	1.04235
6	79	0.97988
6	105	1.05389
6	107	1.04741
6	110	1.04858
7	1	0.918498
7	5	0.9071
7	15	0.915099
7	21	0.925531
7	27	0.994848
7	36	0.979308
7	53	0.990314
7	58	0.994561
7	62	0.98881
7	75	0.979158
7	79	0.91669
7	96	0.999165
7	107	0.984215
7	111	1.34
7	112	0.985667
7	120	0.921042
8	11	1.06589
8	25	1.48762
8	38	1.05269
8	42	1.04752
8	48	0.977452
8	59	1.04945
8	60	1.06272
8	64	1.04144
8	68	1.06252
8	69	0.970658
8	76	1.04652
8	84	1.03589
8	85	1.0587
8	108	0.969503
8	117	0.959059
8	127	0.140091
9	10	0.994013
9	16	1.06109
9	24	0.991265
9	32	1.05113
9	34	0.986201
9	35	0.984552
9	41	0.273346
9	57	0.786652
9	65	1.04561
9	67	1.05993
9	74	1.06096
9	83	1.06277
9	88	0.998451
9	94	1.06231
9	101	0.993947
9	123	1.04779
10	3	0.917088
10	9	0.994013
10	14	1.20004
10	32	0.982541
10	33	1.00261
10	35	0.915965
10	37	0.916034
10	40	0.994823
10	54	0.995194
10	67	0.991341
10	74	0.992378
10	83	0.994188
10	88	0.929865
10	101	0.925361
10	118	0.924289
10	128	0.924327
11	8	1.06589
11	27	0.0171936
11	32	1.57218
11	48	0.988188
11	50	1.07259
11	52	1.06227
11	59	1.06018
11	68	1.07326
11	69	0.981394
11	102	1.06665
11	106	0.983077
11	108	0.980239
11	116	1.05479
11	117	0.969795
11	119	1.06084
11	124	0.980845
12	4	0.4
12	46	1.06083
12	48	0.9839
12	50	1.06831
12	60	1.06917
12	64	1.04789
12	69	0.977106
12	86	1.06253
12	98	1.04353
12	99	1.04759
12	100	1.6
12	102	1.06236
12	106	0.978789
12	108	0.975951
12	117	0.965507
12	119	1.05655
13	17	0.998473
13	25	1.06045
13	26	0.988095
13	29	1.07183
13	30	1.0611
13	56	1.07393
13	70	1.00108
13	71	0.987571
13	78	1.07398
13	89	0.977665
13	92	0.985235
13	105	0.709061
13	109	1.06284
13	113	0.990453
13	121	0.873235
13	127	1.06732
14	5	0.975733
14	6	1.05402
14	10	1.20004
14	15	0.983732
14	22	1.0521
14	31	1.05407
14	36	1.04794
14	39	0.985854
14	62	1.05744
14	75	1.04779
14	79	0.985323
14	81	1.05271
14	97	0.799961
14	110	1.05402
14	112	1.0543
14	126	0.994975
15	7	0.915099
15	14	0.983732
15	21	0.918431
15	22	0.976369
15	27	0.987747
15	31	0.978335
15	39	0.910121
15	45	0.90933
15	53	0.983214
15	58	0.98746
15	71	1.6
15	81	0.976975
15	96	0.992065
15	105	0.9836
15	110	0.978288
15	126	0.919242
16	3	0.984168
16	9	1.06109
16	33	1.06969
16	37	0.983114
16	55	1.06477
16	65	1.0441
16	70	1.6
16	73	1.0544
16	94	1.0608
16	95	1.06223
16	101	0.992441
16	111	1.05656
16	118	0.991369
16	124	1.6
16	125	0.983867
16	128	0.991406
17	4	0.99249
17	13	0.998473
17	18	0.923487
17	26	0.914234
17	29	0.997969
17	57	0.98909
17	61	0.911074
17	70	0.927217
17	71	0.913711
17	80	0.926081
17	82	1.00569
17	96	1.58609
17	100	0.925922
17	109	0.98898
17	114	0.992133
17	127	0.993462
18	4	0.991365
18	17	0.923487
18	26	0.91311
18	29	0.996844
18	44	0.980637
18	56	0.998941
18	58	1.59999
18	70	0.926092
18	71	0.912586
18	78	0.998995
18	80	0.924956
18	82	1.00456
18	97	0.990673
18	100	0.924798
18	109	0.987856
18	115	0.925106
19	32	1.04035
19	34	0.975426
19	35	0.973777
19	40	1.05263
19	55	1.0555
19	63	1.00013
19	72	0.986733
19	73	1.04513
19	74	1.05019
19	83	1.052
19	85	0.809174
19	94	1.05153
19	95	1.05296
19	101	0.983172
19	103	1.04359
19	123	1.03701
20	1	0.980656
20	2	1.43833
20	6	1.04755
20	22	1.04563
20	28	1.03079
20	36	1.04147
20	39	0.979379
20	46	0.0808335
20	58	1.05672
20	79	0.978848
20	81	1.04623
20	96	1.06132
20	105	1.05286
20	110	1.04755
20	112	1.04782
20	120	0.983199
21	1	0.92183
21	7	0.925531
21	15	0.918431
21	22	0.986801
21	27	0.998179
21	44	1.42511
21	45	0.919762
21	53	0.993646
21	66	0.979456
21	79	0.920022
21	91	0.998977
21	96	1.0025
21	104	0.992106
21	110	0.98872
21	120	0.924373
21	126	0.929674
22	5	0.96837
22	6	1.04666
22	14	1.0521
22	15	0.976369
22	20	1.04563
22	21	0.986801
22	28	1.0299
22	31	1.0467
22	42	1.02739
22	50	0.189111
22	53	1.05158
22	58	1.05583
22	91	1.05692
22	104	1.05004
22	107	1.04548
22	126	0.987612
23	4	1.05841
23	25	1.0525
23	29	1.06389
23	30	1.05316
23	44	1.04768
23	51	1.04262
23	56	1.06598
23	61	0.976993
23	89	0.969724
23	92	0.977293
23	97	1.05772
23	105	0.890939
23	113	0.982512
23	115	0.99215
23	122	0.710047
23	127	1.05938
24	9	0.991265
24	32	0.979794
24	33	0.999859
24	34	0.914867
24	40	0.992076
24	65	0.974271
24	73	0.984574
24	77	0.986651
24	82	1.2
24	88	0.927117
24	101	0.922613
24	103	0.98303
24	111	0.986732
24	118	0.921542
24	125	0.91404
24	128	0.921579
25	2	1.05203
25	8	1.48762
25	13	1.06045
25	23	1.0525
25	31	0.0561914
25	43	1.04058
25	44	1.04373
25	61	0.973047
25	63	1.06156
25	70	0.98919
25	78	1.06209
25	80	0.988055
25	82	1.06766
25	89	0.965778
25	100	0.987896
25	127	1.05544
26	4	0.982113
26	13	0.988095
26	17	0.914234
26	18	0.91311
26	30	0.97686
26	31	1.54381
26	56	0.989688
26	57	0.978712
26	63	0.989206
26	78	0.989742
26	80	0.915704
26	82	0.995312
26	92	0.900996
26	97	0.98142
26	109	0.978603
26	113	0.906215
27	1	0.991146
27	6	1.05804
27	7	0.994848
27	11	0.0171936
27	15	0.987747
27	21	0.998179
27	28	1.04128
27	31	1.05808
27	45	0.989079
27	53	1.06296
27	58	1.06721
27	66	1.04877
27	75	1.05181
27	87	1.05717
27	101	1.6
27	120	0.99369
28	1	0.964929
28	20	1.03079
28	22	1.0299
28	27	1.04128
28	31	1.03187
28	36	1.02574
28	53	1.03675
28	58	1.04099
28	62	1.03524
28	65	0.82203
28	75	1.02559
28	87	1.03095
28	91	1.04208
28	110	1.03182
28	112	1.0321
28	121	0.726765
29	13	1.07183
29	17	0.997969
29	18	0.996844
29	23	1.06389
29	30	1.06059
29	44	1.05512
29	49	0.193898
29	61	0.984431
29	62	1.44482
29	63	1.07294
29	70	1.00057
29	71	0.987068
29	89	0.977161
29	100	0.999279
29	114	1.06549
29	127	1.06682
30	2	1.05269
30	13	1.0611
30	23	1.05316
30	26	0.97686
30	29	1.06059
30	40	0.628955
30	41	1.0567
30	42	0.572607
30	57	1.05171
30	61	0.973699
30	70	0.989842
30	78	1.06275
30	92	0.973999
30	109	1.05161
30	113	0.979218
30	127	1.05609
31	5	0.970336
31	14	1.05407
31	15	0.978335
31	22	1.0467
31	25	0.0561914
31	26	1.54381
31	27	1.05808
31	28	1.03187
31	45	0.979666
31	53	1.05355
31	62	1.05205
31	75	1.04239
31	81	1.04731
31	107	1.04745
31	110	1.04862
31	126	0.989577
32	9	1.05113
32	10	0.982541
32	11	1.57218
32	19	1.04035
32	24	0.979794
32	35	0.97308
32	54	1.05231
32	67	1.04846
32	73	1.04444
32	74	1.04949
32	88	0.986979
32	94	1.05084
32	95	1.05227
32	96	0.0139099
32	103	1.04289
32	121	1.04544
33	10	1.00261
33	16	1.06969
33	24	0.999859
33	35	0.993145
33	65	1.0542
33	74	1.06956
33	77	1.06658
33	88	1.00704
33	91	0.273346
33	95	1.07233
33	101	1.00254
33	102	0.786652
33	118	1.00147
33	121	1.0655
33	125	0.993967
33	128	1.00151
34	9	0.986201
34	19	0.975426
34	24	0.914867
34	37	0.908222
34	54	0.987382
34	55	0.989875
34	65	0.969207
34	67	0.983529
34	69	1.6
34	72	0.92111
34	83	0.986377
34	88	0.922053
34	95	0.987341
34	121	0.980513
34	123	0.971389
34	128	0.916515
35	9	0.984552
35	10	0.915965
35	19	0.973777
35	32	0.97308
35	33	0.993145
35	37	0.906572
35	54	0.985733
35	55	0.988225
35	67	0.98188
35	72	0.91946
35	77	0.979937
35	86	1.52241
35	88	0.920403
35	94	0.98426
35	95	0.985691
35	125	0.907326
36	1	0.975607
36	7	0.979308
36	14	1.04794
36	20	1.04147
36	28	1.02574
36	45	0.97354
36	58	1.05167
36	66	1.03323
36	75	1.03627
36	78	1.03996
36	96	1.05627
36	103	1.09335
36	104	1.04588
36	105	1.04781
36	110	1.0425
36	112	1.04278
37	10	0.916034
37	16	0.983114
37	34	0.908222
37	35	0.906572
37	38	1.51357
37	54	0.985801
37	55	0.988294
37	67	0.981948
37	72	0.919529
37	74	0.982985
37	77	0.980006
37	83	0.984795
37	88	0.920472
37	95	0.985759
37	103	0.976385
37	111	0.980086
38	8	1.05269
38	37	1.51357
38	42	1.04506
38	46	1.05192
38	47	1.03536
38	48	0.974991
38	64	1.03898
38	68	1.06006
38	69	0.968197
38	86	1.05362
38	98	1.03462
38	99	1.03868
38	112	0.140164
38	116	1.04159
38	117	0.956598
38	119	1.04765
39	1	0.91352
39	6	0.980412
39	14	0.985854
39	15	0.910121
39	20	0.979379
39	45	0.911453
39	58	0.989583
39	62	0.983832
39	75	0.97418
39	81	0.979097
39	83	1.34
39	91	0.990667
39	104	0.983796
39	112	0.980689
39	120	0.916063
39	126	0.921364
40	3	0.986485
40	10	0.994823
40	19	1.05263
40	24	0.992076
40	30	0.628955
40	54	1.06459
40	55	1.06708
40	59	1.1793
40	65	1.04642
40	67	1.06074
40	73	1.05672
40	101	0.994758
40	103	1.05517
40	123	1.0486
40	125	0.986184
40	128	0.993723
41	9	0.273346
41	30	1.0567
41	43	1.04807
41	48	1.6
41	51	1.04616
41	63	1.06905
41	71	0.983176
41	78	1.06958
41	80	0.995546
41	89	0.973269
41	97	1.06126
41	100	0.995387
41	109	1.05845
41	113	0.986058
41	114	1.0616
41	115	0.995696
42	8	1.04752
42	22	1.02739
42	30	0.572607
42	38	1.04506
42	47	1.0302
42	49	1.03777
42	52	1.0439
42	60	1.05509
42	76	1.03889
42	84	1.02826
42	85	1.05107
42	86	1.04845
42	90	0.959399
42	98	1.02945
42	99	1.03351
42	117	0.951431
43	2	1.04405
43	4	1.04648
43	25	1.04058
43	41	1.04807
43	44	1.03575
43	51	1.03069
43	68	0.270013
43	70	0.981209
43	78	1.05411
43	82	1.05968
43	89	0.957796
43	92	0.965366
43	97	1.04579
43	109	1.04297
43	116	0.793326
43	127	1.04745
44	2	1.04721
44	18	0.980637
44	21	1.42511
44	23	1.04768
44	25	1.04373
44	29	1.05512
44	43	1.03575
44	56	1.05721
44	57	1.04624
44	61	0.968223
44	67	0.330413
44	82	1.06284
44	97	1.04895
44	113	0.973742
44	114	1.04928
44	115	0.98338
45	5	0.901331
45	6	0.979621
45	15	0.90933
45	21	0.919762
45	27	0.989079
45	31	0.979666
45	36	0.97354
45	39	0.911453
45	58	0.988792
45	87	0.978755
45	91	0.989877
45	96	0.993397
45	105	0.984931
45	108	1.6
45	112	0.979898
45	126	0.920573
46	12	1.06083
46	20	0.0808335
46	38	1.05192
46	48	0.976685
46	59	1.04868
46	68	1.06175
46	69	0.96989
46	84	1.03513
46	89	1.6
46	93	1.05226
46	98	1.03631
46	106	0.971573
46	108	0.968736
46	119	1.04934
46	122	1.14755
46	124	0.969342
47	38	1.03536
47	42	1.0302
47	52	1.0342
47	55	1.39579
47	59	1.03212
47	64	1.02411
47	68	1.04519
47	76	1.0292
47	85	1.04137
47	93	1.0357
47	99	1.02381
47	108	0.952177
47	109	0.311401
47	119	1.03278
47	122	1.131
47	124	0.952783
48	8	0.977452
48	11	0.988188
48	12	0.9839
48	38	0.974991
48	41	1.6
48	46	0.976685
48	50	0.984161
48	52	0.973832
48	59	0.97175
48	60	0.985022
48	76	0.968824
48	90	0.889328
48	99	0.963441
48	102	0.978219
48	108	0.891805
48	124	0.892411
49	29	0.193898
49	42	1.03777
49	50	1.0521
49	52	1.04177
49	60	1.05296
49	64	1.03168
49	76	1.03677
49	84	1.02614
49	90	0.95727
49	93	1.04327
49	98	1.02732
49	108	0.959746
49	112	1.45984
49	116	1.03429
49	122	1.13857
49	124	0.960353
50	5	1.41089
50	11	1.07259
50	12	1.06831
50	22	0.189111
50	48	0.984161
50	49	1.0521
50	52	1.05824
50	60	1.06943
50	64	1.04815
50	84	1.0426
50	90	0.973735
50	99	1.04785
50	106	0.97905
50	108	0.976212
50	116	1.05076
50	124	0.976818
51	2	1.04215
51	4	1.04458
51	23	1.04262
51	41	1.04616
51	43	1.03069
51	53	0.891843
51	56	1.05215
51	57	1.04118
51	63	1.05167
51	80	0.978168
51	92	0.963461
51	97	1.04388
51	100	0.978009
51	109	1.04107
51	114	1.04422
51	122	0.655885
52	11	1.06227
52	42	1.0439
52	47	1.0342
52	48	0.973832
52	49	1.04177
52	50	1.05824
52	59	1.04583
52	64	1.03782
52	98	1.03346
52	99	1.03752
52	102	1.0523
52	107	0.526678
52	108	0.965884
52	119	1.04649
52	124	0.96649
52	126	1.6
53	5	0.975215
53	7	0.990314
53	15	0.983214
53	21	0.993646
53	22	1.05158
53	27	1.06296
53	28	1.03675
53	31	1.05355
53	51	0.891843
53	66	1.04424
53	75	1.04727
53	81	1.05219
53	85	0.790826
53	87	1.05264
53	96	1.06728
53	120	0.989156
54	10	0.995194
54	32	1.05231
54	34	0.987382
54	35	0.985733
54	37	0.985801
54	40	1.06459
54	63	0.599867
54	66	1.2813
54	67	1.06111
54	73	1.05709
54	77	1.05917
54	83	1.06396
54	118	0.994057
54	121	1.05809
54	123	1.04897
54	125	0.986554
55	16	1.06477
55	19	1.0555
55	34	0.989875
55	35	0.988225
55	37	0.988294
55	40	1.06708
55	47	1.39579
55	73	1.05958
55	74	1.06464
55	84	0.102103
55	88	1.00212
55	95	1.06741
55	101	0.997621
55	111	1.06174
55	118	0.996549
55	128	0.996587
56	2	1.06551
56	4	1.06794
56	13	1.07393
56	18	0.998941
56	23	1.06598
56	26	0.989688
56	44	1.05721
56	51	1.05215
56	58	6.10352e-06
56	61	0.986527
56	80	1.00153
56	89	0.979258
56	113	0.992046
56	114	1.06759
56	115	1.00168
56	117	1.6
57	4	1.05697
57	9	0.786652
57	17	0.98909
57	26	0.978712
57	30	1.05171
57	44	1.04624
57	51	1.04118
57	63	1.06406
57	71	0.978188
57	78	1.0646
57	82	1.07017
57	87	1.07668
57	89	0.968282
57	97	1.05628
57	109	1.05346
57	113	0.98107
58	1	0.990859
58	7	0.994561
58	15	0.98746
58	18	1.59999
58	20	1.05672
58	22	1.05583
58	27	1.06721
58	28	1.04099
58	36	1.05167
58	39	0.989583
58	45	0.988792
58	56	6.10352e-06
58	66	1.04849
58	91	1.06801
58	104	1.06114
58	126	0.998703
59	8	1.04945
59	11	1.06018
59	40	1.1793
59	46	1.04868
59	47	1.03212
59	48	0.97175
59	52	1.04583
59	69	0.964955
59	76	1.04082
59	90	0.961324
59	93	1.04733
59	94	0.210352
59	98	1.03138
59	102	1.05021
59	117	0.953356
59	122	1.14262
60	4	0.4
60	8	1.06272
60	12	1.06917
60	42	1.05509
60	48	0.985022
60	49	1.05296
60	50	1.06943
60	69	0.978228
60	76	1.05409
60	80	1.6
60	84	1.04346
60	85	1.06627
60	90	0.974597
60	98	1.04465
60	117	0.966629
60	124	0.97768
61	2	0.976522
61	4	0.978952
61	17	0.911074
61	23	0.976993
61	25	0.973047
61	29	0.984431
61	30	0.973699
61	44	0.968223
61	56	0.986527
61	63	0.986046
61	70	0.913679
61	100	0.912384
61	109	0.975442
61	110	1.34668
61	113	0.903055
61	127	0.979924
62	5	0.97371
62	6	1.052
62	7	0.98881
62	14	1.05744
62	28	1.03524
62	29	1.44482
62	31	1.05205
62	39	0.983832
62	79	0.9833
62	81	1.05069
62	86	0.0775925
62	87	1.05113
62	91	1.06226
62	96	1.06578
62	107	1.05083
62	126	0.992952
63	19	1.00013
63	25	1.06156
63	26	0.989206
63	29	1.07294
63	41	1.06905
63	51	1.05167
63	54	0.599867
63	57	1.06406
63	61	0.986046
63	70	1.00219
63	71	0.988683
63	80	1.00105
63	89	0.978776
63	97	1.06677
63	100	1.00089
63	114	1.0671
64	8	1.04144
64	12	1.04789
64	38	1.03898
64	47	1.02411
64	49	1.03168
64	50	1.04815
64	52	1.03782
64	67	1.26959
64	68	1.04881
64	86	1.04237
64	90	0.953316
64	104	0.594698
64	106	0.958631
64	108	0.955793
64	119	1.0364
64	122	1.13461
65	6	0.77797
65	9	1.04561
65	16	1.0441
65	24	0.974271
65	28	0.82203
65	33	1.0542
65	34	0.969207
65	40	1.04642
65	67	1.04293
65	72	0.980514
65	77	1.04099
65	83	1.04578
65	95	1.04674
65	103	1.03737
65	111	1.04107
65	123	1.03079
66	1	0.972423
66	6	1.03931
66	21	0.979456
66	27	1.04877
66	36	1.03323
66	53	1.04424
66	54	1.2813
66	58	1.04849
66	79	0.970615
66	87	1.03845
66	91	1.04957
66	96	1.05309
66	99	0.159351
66	105	1.04462
66	107	1.03814
66	112	1.03959
67	9	1.05993
67	10	0.991341
67	32	1.04846
67	34	0.983529
67	35	0.98188
67	37	0.981948
67	40	1.06074
67	44	0.330413
67	54	1.06111
67	64	1.26959
67	65	1.04293
67	73	1.05324
67	103	1.05169
67	111	1.05539
67	123	1.04511
67	125	0.982701
68	8	1.06252
68	11	1.07326
68	38	1.06006
68	43	0.270013
68	46	1.06175
68	47	1.04519
68	64	1.04881
68	69	0.978028
68	79	1.6
68	86	1.06345
68	90	0.974397
68	93	1.0604
68	99	1.04851
68	106	0.979711
68	117	0.966429
68	124	0.97748
69	8	0.970658
69	11	0.981394
69	12	0.977106
69	34	1.6
69	38	0.968197
69	46	0.96989
69	59	0.964955
69	60	0.978228
69	68	0.978028
69	86	0.971589
69	93	0.968536
69	106	0.887848
69	116	0.959557
69	117	0.874566
69	122	1.06383
69	124	0.885617
70	4	0.995095
70	13	1.00108
70	16	1.6
70	17	0.927217
70	18	0.926092
70	25	0.98919
70	29	1.00057
70	30	0.989842
70	43	0.981209
70	61	0.913679
70	63	1.00219
70	71	0.916316
70	82	1.00829
70	89	0.906409
70	92	0.913979
70	115	0.928836
71	13	0.987571
71	15	1.6
71	17	0.913711
71	18	0.912586
71	29	0.987068
71	41	0.983176
71	57	0.978188
71	63	0.988683
71	70	0.916316
71	78	0.989218
71	97	0.980896
71	100	0.915021
71	109	0.978079
71	113	0.905691
71	114	0.981231
71	127	0.98256
72	19	0.986733
72	34	0.92111
72	35	0.91946
72	37	0.919529
72	65	0.980514
72	73	0.990816
72	77	0.992893
72	83	0.997683
72	88	0.93336
72	94	0.997216
72	98	1.49281
72	111	0.992974
72	118	0.927784
72	121	0.99182
72	125	0.920282
72	128	0.927822
73	3	0.978983
73	6	0.703463
73	16	1.0544
73	19	1.04513
73	24	0.984574
73	32	1.04444
73	40	1.05672
73	54	1.05709
73	55	1.05958
73	67	1.05324
73	72	0.990816
73	101	0.987255
73	104	1.0053
73	111	1.05137
73	118	0.986184
73	121	1.05022
74	3	0.98404
74	9	1.06096
74	10	0.992378
74	19	1.05019
74	32	1.04949
74	33	1.06956
74	37	0.982985
74	55	1.06464
74	76	1.32762
74	77	1.05635
74	83	1.06114
74	88	0.996816
74	98	0.10719
74	111	1.05643
74	125	0.983739
74	128	0.991278
75	1	0.975456
75	6	1.04235
75	7	0.979158
75	14	1.04779
75	27	1.05181
75	28	1.02559
75	31	1.04239
75	36	1.03627
75	39	0.97418
75	53	1.04727
75	81	1.04103
75	87	1.04148
75	91	1.0526
75	95	0.0623289
75	112	1.04263
75	127	1.45991
76	8	1.04652
76	42	1.03889
76	47	1.0292
76	48	0.968824
76	49	1.03677
76	59	1.04082
76	60	1.05409
76	74	1.32762
76	84	1.02727
76	85	1.05007
76	86	1.04745
76	98	1.02845
76	99	1.03251
76	106	0.963713
76	116	1.03542
76	123	0.291888
77	3	0.98106
77	24	0.986651
77	33	1.06658
77	35	0.979937
77	37	0.980006
77	54	1.05917
77	65	1.04099
77	72	0.992893
77	74	1.05635
77	82	0.4
77	94	1.05769
77	103	1.04975
77	111	1.05345
77	119	0.4
77	121	1.0523
77	123	1.04317
78	2	1.06557
78	13	1.07398
78	18	0.998995
78	25	1.06209
78	26	0.989742
78	30	1.06275
78	36	1.03996
78	41	1.06958
78	43	1.05411
78	57	1.0646
78	71	0.989218
78	89	0.979312
78	92	0.986882
78	93	0.28002
78	100	1.00143
78	115	1.00174
79	1	0.912989
79	6	0.97988
79	7	0.91669
79	14	0.985323
79	20	0.978848
79	21	0.920022
79	62	0.9833
79	66	0.970615
79	68	1.6
79	87	0.979014
79	96	0.993656
79	104	0.983265
79	110	0.979879
79	112	0.980157
79	120	0.915532
79	126	0.920833
80	17	0.926081
80	18	0.924956
80	25	0.988055
80	26	0.915704
80	41	0.995546
80	51	0.978168
80	56	1.00153
80	60	1.6
80	63	1.00105
80	82	1.00716
80	89	0.905273
80	92	0.912843
80	100	0.927391
80	114	0.993602
80	115	0.9277
80	127	0.994931
81	5	0.968975
81	14	1.05271
81	15	0.976975
81	20	1.04623
81	31	1.04731
81	39	0.979097
81	53	1.05219
81	62	1.05069
81	75	1.04103
81	97	0.800039
81	104	1.05065
81	105	1.05258
81	107	1.04609
81	110	1.04726
81	115	1.6
81	126	0.988217
82	4	1.07357
82	17	1.00569
82	18	1.00456
82	24	1.2
82	25	1.06766
82	26	0.995312
82	43	1.05968
82	44	1.06284
82	57	1.07017
82	70	1.00829
82	77	0.4
82	80	1.00716
82	89	0.984882
82	92	0.992451
82	109	1.07006
82	113	0.99767
83	9	1.06277
83	10	0.994188
83	19	1.052
83	34	0.986377
83	37	0.984795
83	39	1.34
83	54	1.06396
83	65	1.04578
83	72	0.997683
83	74	1.06114
83	87	0.523325
83	88	0.998626
83	103	1.05454
83	121	1.05709
83	123	1.04796
83	128	0.993088
84	3	1.4979
84	8	1.03589
84	42	1.02826
84	46	1.03513
84	49	1.02614
84	50	1.0426
84	55	0.102103
84	60	1.04346
84	76	1.02727
84	85	1.03944
84	93	1.03377
84	106	0.953084
84	108	0.950246
84	116	1.02479
84	119	1.03085
84	122	1.12907
85	8	1.0587
85	19	0.809174
85	42	1.05107
85	47	1.04137
85	53	0.790826
85	60	1.06627
85	76	1.05007
85	84	1.03944
85	90	0.970577
85	93	1.05658
85	98	1.04063
85	102	1.05947
85	106	0.975891
85	117	0.962609
85	119	1.05366
85	124	0.973659
86	12	1.06253
86	35	1.52241
86	38	1.05362
86	42	1.04845
86	62	0.0775925
86	64	1.04237
86	68	1.06345
86	69	0.971589
86	76	1.04745
86	93	1.05396
86	102	1.05685
86	106	0.973273
86	108	0.970435
86	116	1.04498
86	117	0.959991
86	119	1.05104
87	27	1.05717
87	28	1.03095
87	45	0.978755
87	53	1.05264
87	57	1.07668
87	62	1.05113
87	66	1.03845
87	75	1.04148
87	79	0.979014
87	83	0.523325
87	104	1.0511
87	105	1.05302
87	107	1.04654
87	110	1.04771
87	120	0.983366
87	126	0.988666
88	9	0.998451
88	10	0.929865
88	24	0.927117
88	32	0.986979
88	33	1.00704
88	34	0.922053
88	35	0.920403
88	37	0.920472
88	55	1.00212
88	72	0.93336
88	74	0.996816
88	83	0.998626
88	94	0.998159
88	101	0.929799
88	118	0.928727
88	120	1.6
89	13	0.977665
89	23	0.969724
89	25	0.965778
89	29	0.977161
89	41	0.973269
89	43	0.957796
89	46	1.6
89	56	0.979258
89	57	0.968282
89	63	0.978776
89	70	0.906409
89	78	0.979312
89	80	0.905273
89	82	0.984882
89	97	0.97099
89	115	0.905423
90	42	0.959399
90	48	0.889328
90	49	0.95727
90	50	0.973735
90	59	0.961324
90	60	0.974597
90	64	0.953316
90	68	0.974397
90	85	0.970577
90	93	0.964905
90	94	1.38965
90	99	0.953016
90	102	0.967793
90	106	0.884217
90	116	0.955926
90	122	1.0602
91	1	0.991944
91	5	0.980546
91	21	0.998977
91	22	1.05692
91	28	1.04208
91	33	0.273346
91	39	0.990667
91	45	0.989877
91	58	1.06801
91	62	1.06226
91	66	1.04957
91	75	1.0526
91	107	1.05766
91	112	1.05911
91	126	0.999788
91	128	1.6
92	2	0.976822
92	13	0.985235
92	23	0.977293
92	26	0.900996
92	30	0.973999
92	43	0.965366
92	51	0.963461
92	70	0.913979
92	78	0.986882
92	80	0.912843
92	82	0.992451
92	95	1.53767
92	97	0.978559
92	114	0.978894
92	115	0.912993
92	127	0.980224
93	46	1.05226
93	47	1.0357
93	49	1.04327
93	59	1.04733
93	68	1.0604
93	69	0.968536
93	78	0.28002
93	84	1.03377
93	85	1.05658
93	86	1.05396
93	90	0.964905
93	98	1.03496
93	99	1.03902
93	108	0.967382
93	113	1.6
93	116	1.04193
94	3	0.985383
94	9	1.06231
94	16	1.0608
94	19	1.05153
94	32	1.05084
94	35	0.98426
94	59	0.210352
94	72	0.997216
94	77	1.05769
94	88	0.998159
94	90	1.38965
94	95	1.06345
94	103	1.05407
94	118	0.992584
94	121	1.05662
94	125	0.985082
95	3	0.986814
95	16	1.06223
95	19	1.05296
95	32	1.05227
95	33	1.07233
95	34	0.987341
95	35	0.985691
95	37	0.985759
95	55	1.06741
95	65	1.04674
95	75	0.0623289
95	92	1.53767
95	94	1.06345
95	118	0.994015
95	123	1.04893
95	128	0.994052
96	5	0.984066
96	7	0.999165
96	15	0.992065
96	17	1.58609
96	20	1.06132
96	21	1.0025
96	32	0.0139099
96	36	1.05627
96	45	0.993397
96	53	1.06728
96	62	1.06578
96	66	1.05309
96	79	0.993656
96	104	1.06574
96	105	1.06767
96	120	0.998007
97	14	0.799961
97	18	0.990673
97	23	1.05772
97	26	0.98142
97	41	1.06126
97	43	1.04579
97	44	1.04895
97	51	1.04388
97	57	1.05628
97	63	1.06677
97	71	0.980896
97	81	0.800039
97	89	0.97099
97	92	0.978559
97	109	1.05617
97	127	1.06065
98	12	1.04353
98	38	1.03462
98	42	1.02945
98	46	1.03631
98	49	1.02732
98	52	1.03346
98	59	1.03138
98	60	1.04465
98	72	1.49281
98	74	0.10719
98	76	1.02845
98	85	1.04063
98	93	1.03496
98	102	1.03785
98	108	0.951431
98	116	1.02598
99	1	1.44065
99	12	1.04759
99	38	1.03868
99	42	1.03351
99	47	1.02381
99	48	0.963441
99	50	1.04785
99	52	1.03752
99	66	0.159351
99	68	1.04851
99	76	1.03251
99	90	0.953016
99	93	1.03902
99	102	1.04191
99	106	0.95833
99	122	1.13431
100	2	0.991371
100	12	1.6
100	17	0.925922
100	18	0.924798
100	25	0.987896
100	29	0.999279
100	41	0.995387
100	51	0.978009
100	61	0.912384
100	63	1.00089
100	71	0.915021
100	78	1.00143
100	80	0.927391
100	113	0.917903
100	115	0.927541
100	127	0.994772
101	3	0.917023
101	9	0.993947
101	10	0.925361
101	16	0.992441
101	19	0.983172
101	24	0.922613
101	27	1.6
101	33	1.00254
101	40	0.994758
101	55	0.997621
101	73	0.987255
101	88	0.929799
101	118	0.924224
101	121	0.988259
101	125	0.916722
101	128	0.924261
102	11	1.06665
102	12	1.06236
102	33	0.786652
102	48	0.978219
102	52	1.0523
102	59	1.05021
102	85	1.05947
102	86	1.05685
102	90	0.967793
102	98	1.03785
102	99	1.04191
102	114	1.07668
102	116	1.04482
102	117	0.959825
102	119	1.05087
102	124	0.970876
103	3	0.97744
103	19	1.04359
103	24	0.98303
103	32	1.04289
103	36	1.09335
103	37	0.976385
103	40	1.05517
103	65	1.03737
103	67	1.05169
103	77	1.04975
103	83	1.05454
103	94	1.05407
103	110	0.253323
103	111	1.04983
103	123	1.03955
103	128	0.984678
104	5	0.973675
104	21	0.992106
104	22	1.05004
104	36	1.04588
104	39	0.983796
104	58	1.06114
104	64	0.594698
104	73	1.0053
104	79	0.983265
104	81	1.05065
104	87	1.0511
104	96	1.06574
104	107	1.05079
104	110	1.05196
104	112	1.05224
104	120	0.987616
105	1	0.986998
105	5	0.9756
105	6	1.05389
105	13	0.709061
105	15	0.9836
105	20	1.05286
105	23	0.890939
105	36	1.04781
105	45	0.984931
105	66	1.04462
105	81	1.05258
105	87	1.05302
105	96	1.06767
105	107	1.05272
105	112	1.05417
105	120	0.989542
106	11	0.983077
106	12	0.978789
106	46	0.971573
106	50	0.97905
106	64	0.958631
106	68	0.979711
106	69	0.887848
106	76	0.963713
106	84	0.953084
106	85	0.975891
106	86	0.973273
106	90	0.884217
106	99	0.95833
106	122	1.06551
106	124	0.8873
106	125	1.6
107	1	0.980513
107	5	0.969115
107	6	1.04741
107	7	0.984215
107	22	1.04548
107	31	1.04745
107	52	0.526678
107	62	1.05083
107	66	1.03814
107	81	1.04609
107	87	1.04654
107	91	1.05766
107	104	1.05079
107	105	1.05272
107	116	0.806674
107	120	0.983057
108	8	0.969503
108	11	0.980239
108	12	0.975951
108	45	1.6
108	46	0.968736
108	47	0.952177
108	48	0.891805
108	49	0.959746
108	50	0.976212
108	52	0.965884
108	64	0.955793
108	84	0.950246
108	86	0.970435
108	93	0.967382
108	98	0.951431
108	119	0.964459
109	2	1.05443
109	13	1.06284
109	17	0.98898
109	18	0.987856
109	26	0.978603
109	30	1.05161
109	41	1.05845
109	43	1.04297
109	47	0.311401
109	51	1.04107
109	57	1.05346
109	61	0.975442
109	71	0.978079
109	82	1.07006
109	97	1.05617
109	123	1.30811
110	6	1.04858
110	14	1.05402
110	15	0.978288
110	20	1.04755
110	21	0.98872
110	28	1.03182
110	31	1.04862
110	36	1.0425
110	61	1.34668
110	79	0.979879
110	81	1.04726
110	87	1.04771
110	103	0.253323
110	104	1.05196
110	112	1.04886
110	120	0.98423
111	3	0.981141
111	7	1.34
111	16	1.05656
111	24	0.986732
111	37	0.980086
111	55	1.06174
111	65	1.04107
111	67	1.05539
111	72	0.992974
111	73	1.05137
111	74	1.05643
111	77	1.05345
111	103	1.04983
111	114	0.523325
111	121	1.05238
111	125	0.98084
112	7	0.985667
112	14	1.0543
112	20	1.04782
112	28	1.0321
112	36	1.04278
112	38	0.140164
112	39	0.980689
112	45	0.979898
112	49	1.45984
112	66	1.03959
112	75	1.04263
112	79	0.980157
112	91	1.05911
112	104	1.05224
112	105	1.05417
112	110	1.04886
113	2	0.982041
113	13	0.990453
113	23	0.982512
113	26	0.906215
113	30	0.979218
113	41	0.986058
113	44	0.973742
113	56	0.992046
113	57	0.98107
113	61	0.903055
113	71	0.905691
113	82	0.99767
113	93	1.6
113	100	0.917903
113	114	0.984113
113	115	0.918211
114	4	1.06001
114	17	0.992133
114	29	1.06549
114	41	1.0616
114	44	1.04928
114	51	1.04422
114	56	1.06759
114	63	1.0671
114	71	0.981231
114	80	0.993602
114	92	0.978894
114	102	1.07668
114	111	0.523325
114	113	0.984113
114	115	0.993752
114	127	1.06098
115	2	0.991679
115	4	0.994109
115	18	0.925106
115	23	0.99215
115	41	0.995696
115	44	0.98338
115	56	1.00168
115	70	0.928836
115	78	1.00174
115	80	0.9277
115	81	1.6
115	89	0.905423
115	92	0.912993
115	100	0.927541
115	113	0.918211
115	114	0.993752
116	11	1.05479
116	38	1.04159
116	43	0.793326
116	49	1.03429
116	50	1.05076
116	69	0.959557
116	76	1.03542
116	84	1.02479
116	86	1.04498
116	90	0.955926
116	93	1.04193
116	98	1.02598
116	102	1.04482
116	107	0.806674
116	117	0.947958
116	122	1.13722
117	8	0.959059
117	11	0.969795
117	12	0.965507
117	38	0.956598
117	42	0.951431
117	56	1.6
117	59	0.953356
117	60	0.966629
117	68	0.966429
117	69	0.874566
117	85	0.962609
117	86	0.959991
117	102	0.959825
117	116	0.947958
117	119	0.954015
117	122	1.05223
118	3	0.915951
118	10	0.924289
118	16	0.991369
118	24	0.921542
118	33	1.00147
118	54	0.994057
118	55	0.996549
118	72	0.927784
118	73	0.986184
118	88	0.928727
118	94	0.992584
118	95	0.994015
118	101	0.924224
118	119	1.2
118	123	0.978063
118	128	0.923189
119	11	1.06084
119	12	1.05655
119	38	1.04765
119	46	1.04934
119	47	1.03278
119	52	1.04649
119	64	1.0364
119	77	0.4
119	84	1.03085
119	85	1.05366
119	86	1.05104
119	102	1.05087
119	108	0.964459
119	117	0.954015
119	118	1.2
119	124	0.965065
120	5	0.905942
120	7	0.921042
120	20	0.983199
120	21	0.924373
120	27	0.99369
120	39	0.916063
120	53	0.989156
120	79	0.915532
120	87	0.983366
120	88	1.6
120	96	0.998007
120	104	0.987616
120	105	0.989542
120	107	0.983057
120	110	0.98423
120	126	0.925184
121	3	0.979987
121	13	0.873235
121	28	0.726765
121	32	1.04544
121	33	1.0655
121	34	0.980513
121	54	1.05809
121	72	0.99182
121	73	1.05022
121	77	1.0523
121	83	1.05709
121	94	1.05662
121	101	0.988259
121	111	1.05238
121	123	1.0421
121	125	0.979685
122	2	0.234068
122	23	0.710047
122	46	1.14755
122	47	1.131
122	49	1.13857
122	51	0.655885
122	59	1.14262
122	64	1.13461
122	69	1.06383
122	84	1.12907
122	90	1.0602
122	99	1.13431
122	106	1.06551
122	116	1.13722
122	117	1.05223
122	124	1.06328
123	9	1.04779
123	19	1.03701
123	34	0.971389
123	40	1.0486
123	54	1.04897
123	65	1.03079
123	67	1.04511
123	76	0.291888
123	77	1.04317
123	83	1.04796
123	95	1.04893
123	103	1.03955
123	109	1.30811
123	118	0.978063
123	121	1.0421
123	125	0.970561
124	11	0.980845
124	16	1.6
124	46	0.969342
124	47	0.952783
124	48	0.892411
124	49	0.960353
124	50	0.976818
124	52	0.96649
124	60	0.97768
124	68	0.97748
124	69	0.885617
124	85	0.973659
124	102	0.970876
124	106	0.8873
124	119	0.965065
124	122	1.06328
125	3	0.908449
125	16	0.983867
125	24	0.91404
125	33	0.993967
125	35	0.907326
125	40	0.986184
125	54	0.986554
125	67	0.982701
125	72	0.920282
125	74	0.983739
125	94	0.985082
125	101	0.916722
125	106	1.6
125	111	0.98084
125	121	0.979685
125	123	0.970561
126	1	0.92264
126	14	0.994975
126	15	0.919242
126	21	0.929674
126	22	0.987612
126	31	0.989577
126	39	0.921364
126	45	0.920573
126	52	1.6
126	58	0.998703
126	62	0.992952
126	79	0.920833
126	81	0.988217
126	87	0.988666
126	91	0.999788
126	120	0.925184
127	8	0.140091
127	13	1.06732
127	17	0.993462
127	23	1.05938
127	25	1.05544
127	29	1.06682
127	30	1.05609
127	43	1.04745
127	61	0.979924
127	71	0.98256
127	75	1.45991
127	80	0.994931
127	92	0.980224
127	97	1.06065
127	100	0.994772
127	114	1.06098
128	3	0.915988
128	10	0.924327
128	16	0.991406
128	24	0.921579
128	33	1.00151
128	34	0.916515
128	40	0.993723
128	55	0.996587
128	72	0.927822
128	74	0.991278
128	83	0.993088
128	91	1.6
128	95	0.994052
128	101	0.924261
128	103	0.984678
128	118	0.923189
